12312142345
055 4023 4717
(01290) 929857
076 8877 1170
056 8768 3199
(0151) 925 5509
(018960) 97968
07826 851983
(0115) 792 7151
(0114) 946 9855
0342 809 1452
0888 233 4455
(01872) 697562
056 3888 1326
070 2882 1094
056 0814 4036
(016977) 5543
0824 169 6493
(026) 5907 8159
0316 178 7032
(016977) 1821
0800 441 7920
0874 859 7047
056 4642 6027
0800 345 5895
056 9420 3654
0800 669 9366
07271 911694
(012805) 20760
056 0018 8294
(016977) 6208
070 7765 1388
0800 1111
0800 1111
055 5515 7292
(018961) 37649
(01233) 78657
(01518) 32831
07079 558137
(0111) 347 2080
(022) 7776 5096
0800 1111
0800 1111
0800 838197
0806 811 5022
0500 599164
0800 897418
0800 360 3950
056 3131 8158
0800 1111
056 5548 0485
(016977) 0390
0962 605 1338
(01115) 76079
(01351) 734273
07301 025838
07175 086819
(01050) 35539
(016977) 1905
0895 997 2098
(0131) 116 2556
07624 400909
056 2614 3587
0873 022 8112
(01796) 53092
076 4626 0242
07624 604932
(0171) 653 6326
(0111) 713 7916
0800 893 8149
(016147) 50058
055 1587 1964
(0110) 049 9519
(029) 8300 1302
0800 466 9399
0800 845721
(01302) 07135
(018282) 28920
(0110) 036 8763
07614 846571
0800 762160
055 2004 5985
0845 46 43
055 6923 5416
0800 720 0875
(0114) 590 3254
(016977) 7037
(0112) 388 0371
070 1770 4024
055 8022 1529
056 6090 7892
07624 010082
(01623) 82657
0500 248133
076 9713 9190
(01774) 238315
0800 881 6517
0800 513 2048
(023) 2515 1161
(016977) 6126
(0161) 548 5553